网格搜索结果报告
==================================================

最佳参数组合:
  正确预测权重: 0.9
  错误预测权重: 1.2
  最终验证准确率: 0.3470

所有参数组合结果（按验证准确率排序）:
--------------------------------------------------
   正确权重    |    错误权重    |   验证准确率    |   训练准确率    |    验证损失    |    训练损失   
----------------------------------------------------------------------
   0.90    |    1.20    |   0.3470   |   0.5126   |   1.2901   |   0.4452  
   0.30    |    1.20    |   0.3368   |   0.3245   |   0.8912   |   0.5875  
   1.00    |    1.00    |   0.3103   |   0.4760   |   0.9749   |   0.4398  
   1.00    |    3.00    |   0.3069   |   0.3805   |   2.2009   |   1.3343  
   0.70    |    1.00    |   0.3034   |   0.4077   |   0.8939   |   0.4785  
   0.30    |    1.00    |   0.3013   |   0.3540   |   0.7173   |   0.4754  
   0.90    |    1.00    |   0.2981   |   0.4740   |   0.9241   |   0.4183  
   0.50    |    2.00    |   0.2967   |   0.3662   |   1.6181   |   0.8920  
   0.70    |    1.50    |   0.2802   |   0.3499   |   1.2177   |   0.7359  
   0.70    |    1.20    |   0.2794   |   0.3383   |   0.9339   |   0.6532  
   1.00    |    1.50    |   0.2791   |   0.3636   |   1.1843   |   0.8127  
   0.50    |    1.00    |   0.2746   |   0.4261   |   0.9133   |   0.4211  
   0.90    |    3.00    |   0.2682   |   0.2767   |   2.1026   |   1.6381  
   0.90    |    2.50    |   0.2668   |   0.3462   |   1.8992   |   1.2523  
   0.30    |    2.50    |   0.2664   |   0.3960   |   2.2117   |   0.9183  
   0.90    |    2.00    |   0.2657   |   0.3376   |   1.5357   |   1.0297  
   1.00    |    2.00    |   0.2653   |   0.3607   |   1.5532   |   1.0110  
   0.70    |    2.00    |   0.2648   |   0.3355   |   1.4468   |   1.0300  
   0.10    |    1.50    |   0.2617   |   0.2797   |   1.0756   |   0.7209  
   0.10    |    2.50    |   0.2606   |   0.3768   |   2.0584   |   0.9547  
   0.30    |    2.00    |   0.2585   |   0.3842   |   1.7258   |   0.8177  
   0.70    |    3.00    |   0.2573   |   0.3448   |   2.2159   |   1.4179  
   0.30    |    3.00    |   0.2529   |   0.2548   |   2.0193   |   1.5717  
   0.50    |    3.00    |   0.2389   |   0.3566   |   2.4125   |   1.3054  
   0.10    |    2.00    |   0.2347   |   0.3167   |   1.5372   |   0.8888  
   0.50    |    2.50    |   0.2275   |   0.2446   |   1.6697   |   1.3790  
   0.50    |    1.50    |   0.2272   |   0.2952   |   1.1033   |   0.8031  
   0.10    |    1.20    |   0.2256   |   0.2139   |   0.7570   |   0.6738  
   0.50    |    1.20    |   0.2183   |   0.2472   |   0.8205   |   0.7025  
   0.10    |    3.00    |   0.2076   |   0.3129   |   2.3886   |   1.3287  
   0.10    |    1.00    |   0.1689   |   0.3409   |   0.7933   |   0.4451  
   1.00    |    1.20    |   0.1611   |   0.1987   |   0.9464   |   0.8119  
   1.00    |    2.50    |   0.1565   |   0.1396   |   1.7041   |   1.6775  
   0.90    |    1.50    |   0.1563   |   0.2797   |   1.1166   |   0.8943  
   0.30    |    1.50    |   0.1116   |   0.1591   |   0.9818   |   0.9525  
   0.70    |    2.50    |   0.0710   |   0.1229   |   1.9550   |   1.9631  


结论与分析:
--------------------------------------------------
1. 根据网格搜索结果，最优的权重组合为:
   - 正确预测权重: 0.9
   - 错误预测权重: 1.2

2. 正确预测权重对模型性能的影响:
   - 权重 0.1: 平均验证准确率 0.2265
   - 权重 0.3: 平均验证准确率 0.2546
   - 权重 0.5: 平均验证准确率 0.2472
   - 权重 0.7: 平均验证准确率 0.2427
   - 权重 0.9: 平均验证准确率 0.2670
   - 权重 1.0: 平均验证准确率 0.2465

3. 错误预测权重对模型性能的影响:
   - 权重 1.0: 平均验证准确率 0.2761
   - 权重 1.2: 平均验证准确率 0.2614
   - 权重 1.5: 平均验证准确率 0.2194
   - 权重 2.0: 平均验证准确率 0.2643
   - 权重 2.5: 平均验证准确率 0.2081
   - 权重 3.0: 平均验证准确率 0.2553

4. 总体趋势分析:
   (此处根据热力图和结果综合分析得出总体趋势)

5. 建议:
   - 在实际应用中，建议使用正确预测权重 0.9 和错误预测权重 1.2
   - 如果需要更精细的调整，可以在最佳参数附近进行更细粒度的搜索
